fase1 1
 3003.55 479 4.21404e-20 0 0 2000 1 1 2 0.99 1 20 0 0 0.7 -0.013917 1
tronco 1107 520 0 0 0 0 1 2 0 1
tronco 2823 520 0 0 0 0 1 2 0 1
tronco 3555 520 0 0 0 0 1 2 0 0
tronco 4398 520 0 0 0 0 1 2 0 1
plataforma 678 272.259 0 30 0 0 1 1 0 231
plataforma 1426 318.258 0 30 0 0 1 1 0 277
plataforma 2823 300.258 0 30 0 0 1 1 0 259
plataforma 3742 255.259 0 30 0 0 1 1 0 214
plataforma 4191 320.258 0 30 0 0 1 1 0 279
plataforma 5039 267.259 0 30 0 0 1 1 0 226
cacador 1126.87 479 100 0 0 2000 1 3 3 -4.31602e+08 1 3 3 0.249226
cacador 3526.86 479 100 0 0 2000 1 3 3 -4.31602e+08 1 3 1 0.249226
cacador 5126.86 479 100 0 0 2000 1 3 3 -4.31602e+08 1 3 5 0.249226
macaco 1725.83 479 -100 0 0 2000 0 4 3 -4.31602e+08 1 4 4 1.46533
macaco 2274.18 479 100 0 0 2000 1 3 3 -4.31602e+08 1 3 3 1.46533
macaco 3874.18 479 100 0 0 2000 1 3 3 -4.31602e+08 1 3 3 1.46533
chao 0 605 0 0 0 2000 1 2 1
